20
20 9 7 6 3 2 10 8 12 10 13 20 12 8 12 7 6 9 14 13 20
9 10 2 18 5 20 8 5 17 15 4 17 13 9 11 14 11 18 17 12 3
16 15 10 20 1 7 8 6 19 7 6 20 1 15 16 20 3 20 8 9 3
17 13 3 7 6 13 5 14 17 19 10 11 20 9 4 6 16 9 16 14 15
15 14 9 10 5 3 1 5 3 3 1 15 5 7 12 10 3 6 18 1 7
8 12 7 11 17 2 12 12 7 18 18 1 18 19 5 1 19 1 15 13 1
10 10 8 13 19 2 18 16 15 4 15 6 10 6 15 3 17 6 2 6 16
2 3 14 18 15 5 19 10 17 19 11 6 18 3 16 20 13 3 6 16 18
11 18 15 5 12 3 3 13 8 18 6 10 3 4 5 7 14 6 4 12 16
9 2 18 5 13 10 19 18 18 16 8 7 10 5 10 12 7 3 11 16 20
1 18 3 17 5 16 2 20 20 17 8 13 6 4 5 8 3 2 17 10 1
3 12 5 12 3 3 6 6 18 6 6 16 20 14 12 8 15 11 19 3 10
11 8 6 15 7 20 8 3 9 8 5 20 5 9 15 7 6 20 5 3 17
12 3 10 3 2 4 13 20 6 14 10 5 19 16 12 18 3 6 7 2 3
18 6 11 12 13 16 11 9 11 19 20 13 8 14 6 11 18 5 8 11 6
5 2 13 8 19 15 13 17 8 15 7 14 17 18 18 5 1 18 15 19 9
19 7 2 4 9 11 20 9 13 5 5 14 17 12 5 3 16 13 2 3 19
15 11 17 4 7 9 1 1 7 1 19 5 14 14 6 4 13 14 17 9 10
2 17 13 18 19 20 11 13 14 9 7 5 17 3 11 17 15 4 16 16 14
20 9 8 17 5 12 2 13 1 11 14 17 3 4 8 3 14 20 16 14 18
