30
15 7 13 21 14 10 4 23 2 30 6 29 16 5 7 24 8 6 11 17 27 11 1 3 17 12 26 29 14 10 24
20 16 6 3 29 16 6 13 9 5 11 29 12 15 5 6 14 10 8 1 28 19 23 30 5 5 17 25 10 26 19
22 3 16 24 24 23 21 28 1 25 8 30 29 14 26 4 28 6 11 20 25 21 12 25 25 16 11 12 18 29 30
1 23 15 24 16 8 6 14 30 30 13 21 20 27 17 23 24 14 26 13 8 8 24 24 25 2 27 6 11 25 27
11 9 3 26 25 2 1 30 2 22 4 22 12 30 30 26 15 5 13 19 13 21 13 28 15 6 24 12 8 10 8
10 19 10 5 5 12 27 26 5 18 29 26 21 21 18 9 5 22 21 24 26 3 28 24 9 25 9 20 2 19 19
11 29 29 7 25 2 3 20 6 20 10 23 3 30 10 11 27 24 1 20 19 26 17 4 4 3 13 16 4 23 4
6 21 24 12 15 25 14 26 22 25 5 15 19 27 16 29 23 1 22 4 12 17 12 15 12 14 19 27 9 11 23
14 23 16 17 29 3 22 24 24 16 21 30 27 9 16 25 1 16 16 4 27 24 15 4 28 20 22 24 28 25 8
11 17 16 19 8 18 10 1 11 17 13 11 13 21 18 8 13 25 15 8 14 9 14 17 28 3 30 13 30 24 21
2 3 6 12 10 23 21 2 25 8 7 27 12 19 6 19 2 1 26 9 14 26 23 22 23 17 21 5 9 7 25
2 1 22 14 2 6 4 25 1 3 1 19 15 20 25 25 13 25 12 21 30 7 5 21 29 14 3 26 22 1 12
15 1 4 28 24 9 24 19 1 26 11 12 2 22 6 27 4 22 8 17 21 7 13 3 27 18 27 22 1 28 4
16 20 29 13 6 29 6 16 22 24 18 3 25 10 30 13 5 21 21 13 3 19 18 27 15 5 15 7 6 4 2
13 16 22 25 21 20 23 6 3 16 23 5 10 24 26 23 21 8 5 3 10 23 20 28 29 17 13 27 14 16 20
26 23 11 12 13 23 4 10 25 11 25 30 21 10 17 5 30 25 1 3 4 15 14 24 13 22 28 2 5 5 21
30 28 2 12 10 24 7 12 18 18 6 9 30 15 26 4 15 20 26 9 15 10 14 30 14 6 27 15 10 2 6
2 21 29 5 22 22 11 3 1 28 30 10 27 15 27 22 21 16 17 21 22 18 4 22 24 1 18 8 11 11 5
12 1 3 8 23 16 18 25 17 16 17 18 4 1 14 18 13 29 4 25 12 14 20 3 7 21 13 6 23 23 3
26 24 5 3 8 13 20 24 29 27 10 8 23 2 21 10 6 11 5 30 22 18 20 25 16 2 7 22 24 29 16
19 14 12 21 13 24 2 7 14 29 16 21 21 10 11 22 15 21 26 7 13 14 26 29 21 19 5 4 12 25 19
22 1 1 4 5 24 5 11 8 25 19 20 7 28 1 28 4 13 24 10 17 29 27 7 19 15 3 23 18 28 11
9 20 3 12 24 27 9 27 26 25 15 15 2 4 7 21 7 12 14 17 20 4 13 27 23 20 29 7 7 18 9
16 7 12 19 23 30 19 11 25 14 25 1 15 20 30 5 26 3 11 4 22 6 9 18 20 28 17 26 4 26 27
11 25 8 30 17 29 10 27 15 23 13 7 29 24 6 26 19 30 6 15 14 11 23 1 1 12 9 18 15 5 14
18 29 13 9 7 11 18 25 25 11 29 24 1 22 21 26 2 21 23 8 4 26 30 26 18 3 5 5 10 1 11
27 21 15 5 19 18 14 5 4 24 3 27 25 24 18 12 17 8 5 25 3 30 16 28 17 19 24 13 28 16 23
16 6 30 20 16 17 3 20 20 19 22 17 5 7 4 16 24 3 12 10 5 11 25 24 19 5 18 2 2 3 16
17 1 15 28 16 1 23 6 13 3 27 29 7 26 24 14 11 18 26 20 22 28 6 15 17 11 24 10 12 27 25
21 27 2 10 12 24 2 9 6 4 28 26 2 23 19 16 3 28 3 14 19 22 19 26 30 29 11 1 3 7 26
