100
55 86 61 13 57 70 69 19 55 26 54 94 23 72 72 98 46 22 38 31 42 19 74 22 43 5 69 40 88 51 28 94 36 40 58 92 61 27 63 15 4 68 8 26 39 31 24 36 4 13 66 46 31 91 67 26 47 87 65 34 37 44 80 72 83 37 16 43 63 78 9 66 97 69 92 35 99 67 22 3 79 88 100 62 30 18 39 77 5 3 62 41 98 41 65 32 78 80 26 92 9
34 58 5 2 1 91 53 19 12 55 49 51 54 62 81 23 100 57 27 54 18 68 51 59 32 34 88 63 59 79 71 93 88 27 94 40 17 46 10 80 52 59 31 57 72 11 80 24 67 6 77 36 25 80 46 8 13 33 22 72 64 92 16 51 70 61 91 86 59 52 18 10 10 48 19 34 58 98 57 76 55 85 63 32 64 9 39 29 93 61 52 56 4 19 7 26 79 49 11 37 100
80 99 62 27 17 95 36 66 3 63 72 87 26 3 3 86 94 83 78 6 86 34 61 4 92 86 82 40 49 71 91 28 69 4 55 85 50 90 2 52 5 73 39 82 28 93 67 21 75 44 26 60 29 86 15 20 72 48 11 20 18 2 47 86 5 53 22 55 95 23 58 99 48 48 80 75 40 46 95 66 41 72 77 22 57 91 41 80 39 52 51 56 5 50 94 61 2 15 67 96 90
25 46 37 72 25 11 64 22 5 29 15 28 58 36 36 48 76 16 86 79 18 94 83 67 87 96 69 1 62 16 90 86 62 78 10 38 88 25 60 44 5 74 71 62 9 7 10 36 74 47 15 91 40 49 58 78 44 78 31 6 93 72 43 6 50 4 44 37 28 3 33 85 28 3 46 36 61 7 23 34 54 89 25 45 38 34 75 33 11 5 90 55 76 33 61 25 88 4 14 68 6
46 52 85 100 49 72 61 56 94 46 61 83 22 57 72 55 31 4 17 35 46 72 63 30 32 87 17 35 52 36 92 97 87 76 49 88 47 9 95 92 54 55 74 28 63 97 82 94 53 99 80 98 70 42 27 53 29 95 87 32 31 30 29 69 57 77 56 55 37 50 46 42 56 72 69 19 68 3 64 20 1 43 69 22 85 47 74 65 42 12 96 72 93 76 40 49 4 48 3 40 49
48 34 5 71 2 23 39 4 86 10 56 80 31 29 64 77 2 28 18 65 76 41 57 51 33 57 55 80 11 46 28 59 79 84 81 33 58 19 88 95 81 44 75 11 24 38 87 26 18 57 42 45 97 99 95 29 7 1 60 18 99 40 28 77 23 8 61 81 79 49 75 59 44 1 21 67 39 7 44 8 63 86 52 12 36 98 92 94 51 52 11 49 91 38 77 65 98 38 97 76 38
72 86 33 72 6 99 62 64 95 21 27 32 24 90 19 22 81 12 72 32 23 20 74 12 48 39 61 85 35 36 22 58 21 54 82 26 5 95 42 51 16 68 82 39 9 100 12 89 11 35 73 85 6 46 49 54 36 9 38 23 45 12 32 17 17 13 95 73 60 36 23 27 55 56 17 63 55 29 3 18 63 75 54 21 73 2 74 60 11 63 82 7 74 14 23 43 78 69 67 37 4
90 63 10 45 80 72 52 60 27 69 74 53 22 94 25 76 67 85 86 82 18 92 7 83 66 49 61 35 16 49 90 57 12 100 53 43 23 4 54 49 24 27 2 98 73 78 73 91 14 10 72 32 53 79 14 18 79 26 52 46 75 94 2 38 93 55 80 15 10 85 16 86 11 17 83 83 46 7 74 60 68 97 43 20 75 8 37 54 34 41 99 60 34 53 97 78 59 28 92 68 12
7 5 74 75 87 57 21 45 82 32 64 78 74 83 5 33 72 58 66 12 8 77 97 12 73 26 70 100 17 90 63 76 94 37 2 33 93 74 77 26 5 41 55 30 75 59 63 46 68 80 9 28 9 57 39 81 82 9 33 99 98 95 26 91 31 79 23 75 53 52 52 9 44 7 91 70 17 5 16 85 36 24 12 44 81 2 77 62 10 9 12 59 55 89 2 86 68 76 12 72 79
64 32 22 22 74 44 38 78 59 22 14 34 85 9 66 39 85 28 100 45 91 59 100 32 12 85 51 87 48 74 18 11 5 91 32 79 34 22 8 92 43 73 26 80 82 43 18 18 70 17 63 13 27 62 44 90 98 46 29 45 19 46 8 75 36 39 53 70 60 13 61 55 85 38 86 18 81 55 36 2 23 50 66 2 11 61 91 60 6 19 4 76 64 11 51 52 2 55 21 13 67
33 19 4 23 4 21 55 58 8 8 33 57 74 34 19 86 76 78 44 95 82 19 10 44 69 61 45 76 33 10 42 66 28 97 40 32 18 94 41 77 53 25 86 78 58 4 64 34 82 59 80 15 77 89 10 98 2 7 73 34 16 66 51 43 63 42 26 32 87 67 8 40 91 93 17 1 49 32 86 82 90 65 48 67 5 57 16 6 63 88 92 78 5 94 73 67 88 98 50 74 16
10 13 59 54 82 59 2 13 44 83 3 60 82 21 64 39 88 70 1 75 13 31 31 58 3 50 45 100 99 19 16 8 83 74 14 16 84 15 29 79 50 83 38 31 55 1 69 42 22 22 68 34 4 98 92 6 99 88 5 98 6 72 57 41 97 70 56 32 37 36 10 38 70 47 68 24 100 89 17 21 62 84 55 65 34 98 70 32 85 26 81 43 50 90 83 46 11 90 30 99 26
39 36 47 38 56 71 37 96 39 57 57 75 63 73 8 60 94 91 97 19 24 39 20 65 73 18 27 14 47 26 91 85 13 38 22 68 60 10 63 98 67 71 72 29 43 31 41 36 74 89 7 97 79 26 13 51 43 39 16 89 64 7 26 29 44 99 96 3 9 59 52 75 29 24 55 24 6 95 59 79 83 65 27 61 43 39 63 85 78 79 26 93 85 51 21 80 49 69 34 57 27
85 83 7 60 38 82 66 84 41 96 19 57 23 31 99 61 46 36 90 76 61 35 12 11 55 91 11 23 24 20 1 60 2 60 20 91 93 37 27 33 32 97 42 54 27 92 67 24 27 56 99 87 90 10 49 97 52 12 71 27 31 24 87 84 83 58 27 75 94 53 60 77 49 53 31 27 44 49 3 71 4 1 9 46 63 10 42 66 21 12 93 51 87 31 86 69 88 12 96 33 16
7 9 64 59 91 43 54 39 97 76 95 49 37 40 11 46 33 29 66 96 21 68 83 3 53 3 90 17 50 22 32 56 82 48 66 73 42 72 63 38 47 57 86 83 48 49 80 32 77 45 28 49 64 62 51 69 16 40 85 66 13 68 21 94 15 39 18 56 10 81 93 8 89 31 91 37 79 70 20 55 67 99 3 82 60 53 50 76 44 86 41 56 54 13 1 20 3 19 76 64 51
20 72 39 50 62 27 80 83 47 86 49 45 88 83 57 92 32 32 35 70 24 42 23 88 95 42 43 13 69 6 63 41 77 1 90 38 80 22 73 26 7 73 22 47 55 78 38 87 9 25 56 84 18 30 24 12 23 66 76 92 71 38 32 48 91 73 37 70 94 9 47 53 34 68 99 88 46 36 26 6 12 33 90 82 62 13 93 85 30 69 76 100 58 59 47 100 31 36 21 77 96
67 29 29 87 27 17 84 14 42 89 78 27 30 59 88 94 51 72 23 71 99 23 81 57 21 80 40 8 1 16 4 19 96 84 5 22 100 88 87 94 29 64 20 58 74 59 4 77 83 26 47 33 100 27 42 73 59 81 80 11 48 83 29 43 67 86 16 18 25 54 63 53 18 34 63 43 93 66 19 27 43 18 59 43 96 100 15 54 80 46 64 79 29 45 21 47 30 88 16 54 42
31 59 11 64 21 53 8 38 24 34 80 41 93 74 36 92 40 42 24 86 5 2 66 49 75 64 30 14 79 84 7 61 94 17 25 66 22 84 3 97 70 34 37 62 60 24 5 99 65 80 36 22 34 1 70 60 64 52 25 95 35 32 55 80 100 31 45 73 67 99 69 36 32 5 49 43 81 5 42 45 85 29 18 70 30 40 29 45 91 53 39 25 36 46 56 36 76 100 8 94 98
77 29 81 33 77 24 65 82 17 10 18 45 79 87 26 18 67 71 8 71 61 84 7 6 39 94 34 38 53 27 35 81 8 68 14 84 43 30 17 59 91 86 55 70 72 81 87 90 3 95 13 63 78 71 21 17 64 54 6 68 32 93 49 39 60 14 75 2 43 43 12 34 29 18 3 52 50 89 42 52 35 6 67 13 76 87 81 91 92 86 58 23 78 6 14 89 71 88 90 14 30
53 47 58 71 1 62 20 41 3 72 76 60 38 88 35 76 68 77 67 5 86 41 83 92 54 71 14 93 13 27 23 65 25 32 87 77 93 7 18 47 30 93 6 19 32 92 94 51 20 12 55 6 52 89 49 6 12 62 98 76 89 72 92 65 56 79 42 100 37 11 47 66 3 4 36 86 48 29 36 67 92 42 72 43 31 20 100 94 82 50 69 22 21 12 38 28 90 31 28 26 41
26 43 95 81 78 80 28 58 15 47 49 9 18 44 91 90 43 84 23 92 4 44 65 15 33 92 57 64 71 34 4 96 77 99 29 6 30 56 16 97 2 16 5 72 59 95 13 54 78 35 97 33 30 61 47 62 5 3 25 75 37 81 23 65 31 51 22 60 58 89 56 12 5 60 35 15 54 47 68 83 81 65 15 10 77 14 71 33 68 48 8 56 28 82 20 58 84 94 17 93 82
25 56 86 84 90 53 90 88 72 24 68 36 91 29 65 4 52 97 23 99 56 79 78 89 50 35 24 43 3 17 77 27 24 14 63 66 66 52 53 38 75 73 25 65 1 89 20 4 38 43 2 93 73 31 82 22 17 5 17 72 73 93 98 97 6 12 62 72 63 66 61 90 38 85 6 91 26 26 94 63 20 48 7 92 78 88 65 47 45 81 18 69 73 67 17 79 79 30 2 41 96
62 82 85 98 88 75 23 65 21 85 36 20 44 27 97 31 91 95 27 72 12 48 96 79 64 74 57 94 75 49 41 88 31 25 86 70 100 60 34 72 97 21 91 40 99 39 70 89 34 49 12 45 96 60 75 11 33 31 4 60 32 44 99 62 69 84 83 20 44 68 91 40 88 33 79 86 71 100 26 4 100 90 1 95 49 75 6 33 58 61 92 89 57 43 2 77 26 84 96 21 51
38 12 90 70 90 75 40 42 52 96 41 41 96 88 89 22 45 22 79 57 65 67 13 7 68 89 85 3 36 5 5 73 17 94 94 58 20 86 51 72 81 92 12 28 31 53 49 27 26 28 83 42 46 96 1 66 36 85 68 72 41 25 44 9 18 90 19 90 75 69 61 7 60 24 34 42 28 82 68 5 9 51 47 7 98 47 72 33 83 39 4 75 63 100 84 33 41 2 22 15 70
34 21 82 9 6 75 37 87 43 93 48 45 39 54 94 37 25 26 71 15 82 46 30 33 81 62 73 34 35 39 55 20 11 88 28 16 63 16 2 57 9 1 1 99 54 94 36 30 71 58 45 4 3 26 36 35 87 60 68 73 50 23 92 60 10 19 75 24 35 29 80 95 81 32 93 87 77 80 16 48 38 12 3 92 37 91 27 75 50 46 47 52 20 38 11 82 9 38 5 95 18
37 41 98 68 33 84 45 65 52 44 2 63 98 45 52 88 23 78 90 69 25 41 88 14 3 69 74 92 26 68 9 62 8 59 81 93 42 77 57 45 72 10 60 70 54 11 57 77 88 98 45 64 38 84 30 93 5 3 84 30 23 45 43 82 3 23 74 96 100 82 41 71 91 100 40 97 62 49 73 1 46 69 65 36 4 46 28 8 48 63 37 22 7 31 4 61 54 29 9 53 11
49 75 53 100 15 49 13 15 73 13 60 93 29 47 97 74 26 4 74 89 93 95 47 23 50 60 28 31 68 80 93 68 55 45 19 21 46 31 35 70 95 46 63 24 93 11 49 70 66 74 10 58 21 57 33 70 68 60 100 35 92 92 2 98 89 20 18 86 2 4 55 96 1 69 19 93 79 20 63 45 93 24 54 13 80 38 35 99 50 86 33 93 30 86 90 18 5 59 3 58 14
9 54 14 78 24 7 56 43 21 52 88 44 6 100 76 95 86 74 44 72 59 36 1 44 77 70 1 35 72 58 48 32 11 62 9 87 20 17 29 92 68 16 87 25 68 14 20 53 40 15 76 98 3 76 93 79 97 45 14 20 3 13 52 65 26 60 51 97 76 32 88 96 47 27 20 66 40 91 19 31 58 46 28 60 74 73 38 70 17 3 90 71 68 41 36 93 52 38 90 80 21
29 75 20 7 46 85 47 89 55 77 46 1 57 5 26 29 94 95 45 49 84 68 16 76 55 60 80 44 1 59 65 82 33 84 88 30 20 86 18 75 15 15 27 71 71 52 51 65 46 47 13 82 14 80 9 68 39 88 12 40 46 28 73 30 11 60 12 30 46 29 56 60 44 82 82 14 85 32 30 31 30 94 64 44 73 24 63 64 64 26 55 61 53 27 91 63 86 2 45 83 82
100 42 77 34 23 91 18 6 72 100 36 66 15 31 90 39 45 53 54 71 7 14 23 85 56 38 71 9 34 53 91 85 47 67 18 21 9 88 27 81 87 14 46 2 96 35 92 40 40 45 62 98 10 37 83 66 74 5 74 59 9 64 43 55 83 13 28 91 100 54 23 86 19 68 39 14 55 82 5 94 26 67 91 36 3 25 53 28 29 26 86 38 42 80 44 24 92 71 66 91 76
89 29 46 8 19 59 14 1 16 7 78 82 50 13 36 26 17 63 55 43 100 44 84 79 39 59 23 10 24 65 37 12 45 83 72 64 93 85 64 8 44 41 41 45 6 76 70 22 38 24 64 89 19 99 20 58 57 94 19 33 58 7 96 3 89 67 18 34 52 81 93 95 73 34 39 78 9 8 52 99 84 67 39 54 66 58 11 74 51 81 6 61 88 2 15 28 20 32 61 23 64
54 17 36 39 7 66 99 67 17 97 2 83 88 55 100 45 18 74 48 50 31 60 37 84 74 17 4 57 29 26 72 82 95 7 72 53 24 71 19 40 19 72 23 6 27 74 3 96 47 50 45 30 61 34 13 86 2 68 42 30 94 65 64 40 71 35 92 47 5 63 86 24 34 60 81 12 34 83 59 32 84 56 61 44 41 74 29 42 41 22 71 86 86 34 77 9 69 69 55 25 83
92 100 68 52 81 80 37 63 90 68 47 45 29 42 85 54 71 78 46 44 49 84 82 34 60 90 54 80 96 79 14 87 78 82 90 58 13 26 73 2 94 19 99 74 12 83 79 34 13 24 78 13 59 59 46 19 100 100 50 95 30 64 33 59 97 23 69 9 48 41 10 93 11 8 18 22 43 96 56 7 72 85 19 30 95 64 100 94 15 2 40 96 17 72 55 13 46 75 21 46 15
82 38 25 42 8 98 36 3 53 42 26 89 60 8 83 75 59 28 42 12 67 37 28 91 43 40 36 17 12 33 83 46 71 7 87 30 5 22 84 9 63 10 98 74 69 80 48 27 8 41 39 26 78 18 68 72 10 56 41 21 88 23 18 10 82 4 39 38 77 23 46 91 84 95 64 52 27 64 30 86 4 20 11 33 38 79 57 47 86 97 19 73 71 37 83 52 92 21 89 69 43
87 11 26 33 75 77 59 90 59 44 93 78 7 78 15 37 34 13 22 82 84 94 52 72 76 4 63 49 44 83 91 82 94 69 15 20 97 25 9 55 21 53 33 27 82 99 15 67 64 36 48 99 81 100 70 9 55 84 57 50 19 99 32 64 19 98 83 16 22 43 70 42 47 54 20 29 5 34 95 20 21 43 18 54 94 39 62 100 74 70 49 92 20 32 55 39 81 89 54 55 31
75 48 78 81 68 58 37 53 52 56 26 46 25 79 91 63 92 90 36 61 91 80 32 74 34 70 7 23 75 61 5 2 8 34 82 75 91 18 80 95 25 5 92 49 83 83 63 74 24 98 86 66 77 69 40 63 91 46 37 65 58 41 66 65 75 99 92 17 68 71 11 44 27 3 92 61 85 6 34 60 4 71 26 32 91 17 46 81 62 82 46 71 75 63 35 49 14 78 65 81 100
28 77 26 30 68 86 66 74 71 25 29 93 2 12 84 18 10 64 79 91 61 49 65 24 36 65 37 13 82 69 13 9 45 90 90 65 76 7 90 46 31 70 91 33 33 74 50 42 37 81 85 98 81 1 73 68 18 61 81 51 81 45 59 78 34 100 94 61 6 35 59 88 56 49 72 88 22 74 82 10 6 18 59 86 70 83 6 87 43 38 37 76 82 47 53 67 98 98 28 3 32
86 43 87 34 14 26 7 39 7 16 44 76 27 82 46 9 87 84 52 24 21 79 57 19 31 23 17 28 2 71 11 87 65 97 72 31 22 78 69 81 46 13 56 72 46 53 80 32 37 83 7 57 61 63 27 43 37 43 22 39 66 32 77 30 28 49 60 2 78 29 82 23 93 89 46 90 42 26 73 78 60 79 86 21 93 12 63 29 7 85 19 72 68 96 1 96 44 61 49 73 41
82 96 85 70 41 74 63 18 46 92 78 76 77 50 68 89 12 48 95 48 67 66 16 62 18 63 57 30 63 29 70 44 76 6 65 69 79 80 86 76 71 15 51 48 64 70 88 28 18 82 75 84 99 42 97 68 56 5 98 18 33 19 61 61 25 78 29 55 57 14 83 27 29 33 26 44 3 13 71 72 46 98 55 96 39 3 64 95 7 13 64 91 31 77 51 7 54 79 14 62 45
96 88 25 80 14 68 82 26 39 5 24 36 11 19 26 13 34 72 71 46 36 62 29 12 12 35 17 43 100 78 87 95 65 11 27 30 78 8 8 68 65 31 3 75 1 29 88 35 52 58 80 87 71 8 50 83 95 66 77 46 43 63 93 60 25 19 41 2 78 48 22 42 30 24 17 83 4 56 17 56 13 48 94 84 8 44 18 54 61 46 99 56 8 91 67 84 9 7 37 39 7
58 80 88 34 96 70 37 51 38 44 16 86 38 51 93 33 20 46 45 65 44 100 24 87 18 7 47 77 43 85 83 53 65 22 86 12 92 22 63 81 18 30 66 7 80 58 91 51 55 35 15 51 87 90 37 4 96 83 32 90 68 14 42 32 88 79 95 31 53 57 11 70 38 77 76 69 86 18 19 41 52 85 91 90 74 79 46 69 61 77 11 80 43 4 63 30 83 58 60 35 66
22 56 4 50 31 72 36 100 43 28 3 27 70 93 1 48 38 21 60 66 83 40 8 87 2 89 69 11 100 55 77 22 10 80 71 92 3 58 91 97 85 93 24 6 37 76 53 26 48 65 92 31 4 51 17 57 40 37 68 91 91 44 64 52 75 87 43 29 44 85 26 81 77 1 86 14 28 91 91 75 55 82 5 10 85 73 66 24 9 85 66 51 80 30 2 54 16 96 35 11 80
12 91 9 64 29 74 91 19 64 17 25 98 74 34 82 46 51 57 7 36 22 9 15 3 11 21 18 58 7 29 38 18 71 46 33 99 19 23 69 34 91 93 31 64 26 12 62 29 68 68 64 90 76 30 92 38 2 62 96 60 42 85 29 12 30 61 63 100 35 31 33 26 76 64 89 1 27 50 29 95 69 44 36 97 26 79 34 27 92 81 39 33 65 67 97 46 28 59 97 62 41
82 39 16 45 80 17 71 81 97 17 50 93 4 46 18 83 31 96 74 64 34 7 80 1 55 26 80 13 74 41 53 55 32 21 99 11 89 22 91 85 90 40 29 94 37 46 76 20 42 1 83 27 59 14 27 13 39 6 77 13 99 30 67 30 2 18 40 90 91 30 74 32 22 55 25 10 100 52 81 93 5 15 20 63 29 98 76 19 56 4 31 54 85 50 35 86 19 26 75 61 55
1 92 28 55 69 90 6 72 70 99 76 85 70 39 65 19 66 83 74 69 66 79 54 67 13 91 85 38 66 97 45 66 40 24 20 8 13 25 80 35 75 55 71 44 45 35 63 62 17 88 83 34 67 36 100 31 26 84 69 43 32 65 8 72 88 79 79 53 56 10 39 30 65 9 26 61 95 40 23 63 27 5 97 93 92 96 24 69 80 44 12 11 8 71 82 47 50 13 51 5 22
89 86 38 97 11 99 43 50 73 6 77 29 2 21 20 97 96 88 28 91 51 91 50 22 24 97 23 88 47 27 10 36 12 99 84 75 97 27 24 21 84 52 49 85 25 20 33 72 8 61 63 10 3 12 83 26 60 5 14 59 31 75 46 95 73 29 69 22 7 44 42 90 48 43 26 72 62 59 43 21 71 57 31 73 21 13 98 32 70 63 90 52 89 35 46 62 16 66 35 74 62
28 64 9 70 41 32 84 99 26 4 69 83 86 41 55 51 91 86 20 5 76 71 94 62 69 7 77 86 41 51 47 68 66 7 90 6 38 73 5 64 28 25 98 14 66 52 16 8 37 35 12 64 57 57 26 77 63 54 15 55 4 13 23 21 20 64 79 9 36 83 72 63 59 69 28 76 72 43 83 61 29 47 24 86 3 1 14 18 55 28 72 10 41 46 31 12 9 9 20 96 43
44 59 53 12 38 29 36 81 63 96 9 9 19 46 64 72 60 81 26 87 4 35 79 50 17 90 10 77 62 6 71 5 16 24 68 53 4 3 33 66 50 94 75 69 39 90 40 98 22 17 37 25 3 67 26 72 9 36 100 70 93 71 74 8 46 93 12 1 96 97 66 97 90 92 65 80 81 56 78 2 24 66 79 27 84 4 50 92 91 49 13 83 71 38 90 68 31 54 68 78 50
34 74 39 77 91 70 58 98 47 11 22 64 89 100 48 45 49 91 35 49 4 18 20 41 59 87 71 12 55 100 13 40 74 3 16 64 73 25 13 71 88 34 35 76 85 34 20 85 76 7 34 79 24 53 20 82 91 42 46 45 42 58 84 67 61 52 82 33 76 94 3 15 80 89 91 64 74 62 49 50 68 34 28 43 38 99 77 28 93 22 73 86 31 8 52 91 59 33 75 87 26
30 1 5 70 43 69 96 57 69 45 76 2 24 19 91 75 95 18 67 68 90 52 98 50 3 41 60 87 67 98 12 96 51 17 18 45 37 13 1 57 9 29 10 32 47 100 6 93 17 24 60 59 27 9 8 81 49 67 67 16 65 31 63 67 99 80 11 87 92 12 43 52 40 4 84 38 3 41 82 71 17 41 81 43 49 88 76 50 7 42 65 23 24 27 89 22 59 99 8 2 62
2 54 53 5 37 42 59 29 23 82 97 15 62 40 64 50 67 13 8 8 29 30 32 7 70 5 65 20 13 67 82 14 20 86 71 8 28 29 88 50 10 85 65 72 76 80 73 42 44 80 1 24 61 84 30 30 89 95 49 53 13 82 66 84 68 36 43 47 17 30 48 78 66 12 49 41 43 73 34 38 4 35 61 64 18 91 45 58 37 46 10 49 79 28 84 98 15 26 44 31 7
92 9 73 55 9 65 98 34 99 35 37 33 48 53 2 90 97 12 26 94 73 26 73 100 9 70 67 34 66 97 92 57 57 64 11 18 29 60 51 79 47 87 63 94 39 64 83 88 27 60 33 100 85 5 51 45 27 17 30 44 66 21 100 22 85 62 91 65 22 41 43 20 80 5 13 18 20 47 57 47 6 90 98 42 46 48 86 24 17 15 67 82 35 18 55 71 80 46 35 53 86
29 72 65 33 36 35 5 82 43 51 39 32 100 80 30 99 17 5 15 31 24 96 17 41 51 88 20 96 22 72 33 51 95 50 35 30 84 39 63 26 41 1 10 92 32 91 91 48 95 57 30 18 53 47 11 55 34 30 2 7 54 86 9 100 35 96 30 18 34 92 96 27 45 57 18 76 47 8 76 93 65 5 63 69 51 73 75 36 54 28 43 59 13 3 59 48 98 40 17 84 31
64 10 27 20 27 3 18 35 30 11 51 34 25 19 85 97 45 72 2 72 14 61 36 69 71 35 66 10 4 49 92 67 58 19 39 85 73 56 71 2 18 21 35 42 91 71 90 87 43 44 58 8 4 45 76 74 80 94 83 83 94 74 1 52 44 39 88 16 95 10 17 64 30 4 58 72 74 47 58 16 90 67 76 45 63 51 70 42 44 4 76 38 30 77 41 73 67 80 89 61 89
57 77 70 60 34 93 34 80 50 1 22 68 76 18 30 79 40 24 74 43 51 11 24 27 3 97 94 34 37 6 22 93 82 43 5 15 35 90 47 36 90 20 3 18 89 85 96 28 60 69 23 10 32 46 89 86 94 34 20 30 91 93 75 73 36 79 39 70 68 37 6 9 8 60 78 49 44 25 28 55 46 50 65 29 48 5 14 41 38 85 23 28 78 97 52 65 27 43 34 94 31
91 54 91 51 84 39 46 8 18 1 53 20 17 81 67 21 47 7 10 31 81 89 60 77 41 24 3 35 58 48 17 48 54 7 50 37 97 96 96 15 48 49 34 64 81 100 36 27 58 97 10 39 85 69 67 77 93 70 63 2 69 80 1 22 86 51 10 83 98 6 49 45 54 82 60 86 33 47 13 42 43 74 32 79 42 99 56 86 20 18 39 40 97 40 62 35 42 23 69 91 28
17 87 81 50 46 19 34 44 83 27 38 56 59 16 49 9 23 35 80 93 25 19 89 16 32 75 57 55 95 99 82 11 85 15 12 82 33 97 25 67 24 14 22 34 30 70 42 4 56 73 96 81 43 37 96 75 11 5 81 6 3 14 68 88 80 32 21 64 28 98 30 3 11 51 36 92 21 77 96 76 1 91 8 44 27 4 70 90 8 50 47 62 15 14 1 95 97 22 58 77 71
88 79 81 90 15 73 10 43 20 38 44 10 45 87 89 100 8 78 59 9 24 21 23 89 73 17 38 46 27 14 16 66 92 97 55 6 21 17 49 92 6 44 1 50 82 41 2 89 70 60 97 93 32 71 34 5 40 23 50 66 36 18 31 27 14 37 85 86 53 85 77 58 28 29 60 9 70 13 97 39 72 45 84 56 15 69 12 54 91 13 71 26 30 53 4 95 90 40 32 94 24
8 52 51 89 63 11 58 75 59 48 98 3 83 53 70 51 16 75 93 29 46 70 10 50 74 5 39 65 36 33 89 96 36 91 84 50 2 93 24 60 40 21 15 75 26 36 77 93 10 70 21 7 91 31 57 16 87 47 81 22 31 69 17 66 59 100 15 60 44 90 72 84 63 86 10 40 21 86 32 82 7 53 41 98 35 49 13 21 95 93 42 26 61 11 43 72 62 10 83 6 99
54 41 61 91 50 100 63 87 32 45 94 36 37 91 70 85 55 90 79 48 83 56 60 93 99 31 7 60 14 12 58 19 52 71 10 53 22 72 39 5 68 32 40 4 74 61 88 29 2 19 76 85 74 87 29 24 18 35 83 83 46 41 53 49 63 62 1 84 86 40 89 53 71 80 9 45 41 96 73 42 14 100 78 40 86 7 63 55 93 46 89 91 86 42 39 48 3 40 83 40 31
71 93 1 51 1 97 91 48 21 84 14 72 62 53 58 68 15 64 12 60 53 2 97 94 41 96 48 32 79 88 62 49 32 14 51 84 11 41 31 83 77 96 55 38 48 12 57 15 27 68 74 79 70 23 72 10 18 72 93 96 59 54 97 90 67 47 25 29 40 7 12 16 3 18 53 2 81 61 16 7 28 42 86 49 64 9 10 33 80 2 29 38 55 77 79 74 23 3 2 14 10
65 29 64 34 33 65 14 93 81 21 73 22 6 21 37 14 31 69 46 32 49 83 39 25 14 64 100 68 17 13 77 82 94 40 15 78 57 81 23 37 1 95 10 58 67 98 23 97 66 68 81 67 3 71 43 16 34 42 83 50 7 12 83 52 3 50 29 59 30 51 47 82 97 56 39 64 5 61 12 71 29 44 89 31 14 31 98 99 73 32 49 31 43 83 82 98 32 10 8 13 13
55 94 9 62 32 24 67 93 36 89 73 79 77 3 45 7 52 43 31 83 43 61 78 26 42 75 9 4 82 22 16 88 67 24 2 99 48 20 43 35 60 67 13 88 69 9 94 72 52 77 54 46 37 31 71 31 5 32 34 39 5 1 78 71 24 31 21 23 50 15 57 61 81 22 48 1 30 94 72 33 70 26 79 58 56 1 88 13 32 73 51 88 73 80 59 49 11 79 71 12 46
80 73 26 1 72 27 82 65 98 15 34 23 45 92 79 97 31 43 29 56 45 68 80 24 26 28 86 57 51 50 2 30 74 27 82 45 5 63 10 3 29 95 77 73 38 7 70 21 49 50 76 93 17 7 17 95 35 54 3 37 3 4 18 76 82 99 21 87 61 82 41 90 76 17 14 14 24 83 34 72 84 9 17 53 67 85 47 1 38 49 89 41 4 6 68 37 4 40 75 17 21
15 6 97 84 71 62 7 54 95 30 89 55 46 41 21 30 87 74 20 87 62 12 90 20 79 27 23 71 1 39 91 68 96 39 51 67 100 9 72 46 38 12 100 36 53 73 65 91 46 36 78 59 47 19 78 26 97 53 96 50 43 38 17 91 77 19 9 28 27 32 74 16 43 25 51 95 97 68 86 42 3 15 53 50 33 82 27 30 34 22 79 77 11 47 19 87 65 27 67 43 58
40 58 100 64 9 47 13 76 32 6 30 98 58 79 30 40 5 11 73 78 41 1 41 87 71 27 3 97 45 45 6 36 55 6 52 63 4 64 90 87 69 19 84 27 50 65 18 6 76 42 36 68 95 76 7 65 54 9 62 99 6 19 86 60 24 37 74 79 100 15 65 21 85 48 99 34 13 16 92 40 57 79 7 51 54 13 16 59 74 29 9 31 47 95 42 23 31 15 1 83 29
66 55 13 65 53 99 29 68 42 68 76 20 27 27 25 91 94 83 16 74 44 46 72 38 87 94 20 53 47 54 33 64 8 46 80 60 96 9 79 37 28 55 8 6 33 32 97 78 66 64 51 9 10 22 46 48 68 18 53 66 71 85 81 79 82 60 90 77 20 21 65 48 27 72 5 59 3 53 88 69 17 38 77 78 11 75 77 30 92 29 95 62 14 27 92 95 87 34 24 58 6
88 57 32 60 62 42 14 14 29 82 30 18 11 7 80 85 84 10 28 64 56 41 77 83 33 24 21 18 47 30 23 86 87 6 45 48 47 11 13 27 44 43 44 54 1 23 90 36 84 17 100 40 58 28 74 42 51 94 11 49 23 85 35 61 90 31 8 88 41 21 14 85 15 9 90 67 83 80 3 67 48 2 6 57 29 31 50 32 24 12 80 98 96 66 11 37 97 70 76 89 42
41 73 56 49 15 23 32 94 77 98 93 30 55 50 10 85 51 41 60 63 73 9 58 38 19 47 86 89 22 75 30 63 99 38 63 13 12 94 58 88 43 3 17 49 52 26 33 2 19 44 16 91 5 26 80 75 72 18 63 93 44 45 7 94 34 70 59 45 15 16 84 58 18 100 6 21 77 91 75 95 86 90 37 90 15 69 65 38 38 79 83 81 75 89 74 60 58 84 56 73 100
39 82 69 90 39 42 67 81 68 13 67 57 2 8 24 22 24 61 59 55 43 91 81 84 64 41 41 100 96 65 99 87 98 19 76 37 12 94 69 79 59 87 88 60 95 11 33 70 23 91 76 18 81 57 1 96 49 93 95 96 10 45 82 7 16 58 95 27 51 64 6 61 50 93 20 96 55 4 18 29 94 93 46 26 1 98 74 49 43 68 97 52 65 78 10 80 87 57 58 90 20
15 50 21 59 22 69 13 25 86 94 19 30 91 96 31 89 69 31 31 89 27 34 53 57 43 84 43 99 41 32 70 56 34 43 14 55 11 79 79 48 72 49 77 62 45 59 2 65 42 84 53 68 17 5 76 12 88 19 10 81 2 32 36 35 74 49 41 36 79 20 83 50 20 11 64 16 22 65 81 63 49 33 82 17 90 58 28 29 28 90 9 81 21 44 68 46 45 8 81 23 79
15 25 99 25 88 14 98 4 94 60 4 79 94 21 20 51 48 48 30 37 57 10 9 52 29 54 96 37 34 71 15 100 47 65 25 34 79 74 89 24 34 93 54 27 65 73 29 12 21 10 1 29 71 9 80 100 15 28 88 100 50 54 100 96 19 76 81 97 49 69 72 34 13 26 60 77 98 40 89 18 1 41 98 72 1 78 23 15 57 10 15 6 63 14 1 81 41 81 29 89 1
1 23 14 78 34 90 75 26 30 45 26 70 42 49 23 71 71 37 27 80 3 32 95 68 84 27 8 16 56 97 69 8 71 82 85 4 23 59 29 53 55 7 74 97 55 96 19 26 85 46 57 39 29 51 59 65 78 66 32 85 14 100 92 84 81 28 40 4 38 20 8 93 26 81 41 33 29 11 58 65 56 14 3 37 17 61 1 46 79 84 82 92 84 25 28 64 52 19 19 89 90
26 33 16 7 25 48 87 36 57 51 43 22 53 31 90 66 83 35 44 67 16 35 50 40 14 13 43 84 84 84 74 9 68 41 67 93 88 53 80 96 3 74 69 8 5 59 73 87 93 16 53 61 2 2 52 16 67 95 51 2 30 24 10 97 64 29 41 3 81 72 98 36 46 67 43 2 25 67 88 69 82 93 81 35 46 85 2 64 31 53 65 60 76 27 56 40 55 49 42 87 20
92 74 65 10 16 66 34 34 6 54 67 98 87 2 43 71 3 59 1 55 23 60 31 49 67 22 55 15 63 42 35 6 15 51 15 83 17 100 68 22 54 35 71 92 36 65 62 38 23 62 93 46 73 75 46 91 96 53 6 10 46 92 16 60 42 30 94 58 30 62 31 83 96 1 26 83 66 87 20 40 100 64 37 24 38 35 14 33 87 71 43 32 62 58 43 4 39 37 13 68 50
44 2 97 96 27 79 13 13 98 53 64 62 89 87 51 23 53 36 61 23 78 92 85 87 35 40 25 23 52 45 72 95 46 20 91 73 98 55 37 47 7 53 60 48 91 11 22 43 46 83 18 75 74 2 13 60 41 89 82 44 33 5 39 79 24 81 3 21 35 91 20 94 43 79 93 34 89 14 28 34 96 45 60 22 98 72 81 90 61 15 34 93 19 72 23 95 4 77 67 90 68
86 83 10 65 75 95 53 89 23 39 36 19 50 9 17 22 42 6 34 56 39 78 26 62 1 20 17 29 39 7 96 24 89 58 88 16 4 93 56 26 83 43 45 32 52 13 5 93 18 38 100 9 16 77 22 68 49 39 96 87 97 44 10 85 1 50 52 56 42 7 82 76 50 78 7 53 42 64 97 11 1 96 19 16 24 93 35 72 83 83 58 79 26 68 15 78 69 67 33 62 25
66 37 26 95 95 78 36 58 26 47 59 73 17 26 97 9 13 68 43 95 78 21 20 97 36 97 65 54 81 26 78 47 62 56 41 8 85 29 66 11 75 76 83 91 53 79 52 65 99 94 11 76 67 30 72 54 78 36 7 11 13 36 57 26 91 49 33 28 77 50 38 3 77 20 46 82 51 49 98 1 42 9 76 60 90 99 13 20 86 19 30 98 7 38 75 97 38 59 76 67 9
13 69 37 85 14 18 87 62 68 87 56 76 14 15 17 12 28 36 49 98 17 98 4 54 72 53 92 30 28 58 90 93 78 79 77 44 96 63 57 15 1 64 42 14 79 59 77 58 46 25 7 63 74 63 68 45 15 59 26 94 68 16 86 98 94 14 41 41 28 97 8 28 61 49 93 91 7 69 100 5 45 58 67 18 20 34 14 86 45 40 80 12 7 17 61 52 31 1 44 58 50
51 38 62 100 30 4 58 99 55 62 95 12 80 13 32 14 78 69 58 17 48 21 75 65 82 26 47 34 22 56 83 72 93 44 23 23 99 33 73 53 94 67 65 26 31 48 39 9 16 48 77 16 20 52 32 1 29 78 35 50 33 69 22 26 65 96 100 63 28 72 68 74 38 32 99 21 31 89 29 98 36 5 13 55 8 44 8 37 73 94 86 58 14 59 35 78 55 34 93 34 57
60 59 94 43 9 66 73 97 94 22 84 51 35 91 58 30 50 94 55 43 32 12 8 90 98 86 96 31 30 82 87 89 40 32 31 1 50 55 97 43 76 33 45 62 23 55 44 72 100 98 66 31 61 73 73 58 10 20 40 39 1 78 27 93 61 9 93 10 63 41 53 39 25 49 52 47 3 95 70 3 44 87 85 4 12 57 13 73 29 4 12 29 81 90 73 42 99 17 51 13 58
55 3 82 56 55 81 58 49 2 12 93 41 49 48 52 5 13 24 33 16 87 14 97 77 38 90 27 55 40 39 64 47 94 45 2 48 77 11 48 31 23 92 71 71 40 22 27 4 97 12 19 84 77 67 12 14 56 90 68 48 28 31 94 73 28 47 20 56 57 68 86 31 11 56 53 50 29 80 5 78 43 24 13 71 90 76 84 46 65 4 93 44 86 38 17 65 84 36 21 40 55
58 71 66 66 75 67 46 6 72 23 48 47 87 18 36 62 54 33 78 9 25 22 94 62 90 59 97 25 31 37 32 88 59 49 5 33 67 51 39 90 25 38 36 12 8 72 25 13 4 3 21 81 76 66 94 65 76 91 41 6 27 72 46 37 72 50 21 39 100 59 80 25 49 16 88 56 39 12 20 42 66 40 74 41 5 68 5 81 58 46 38 36 69 83 24 93 85 44 83 84 55
62 60 3 77 99 10 15 63 29 9 28 20 34 21 24 1 77 56 10 22 94 97 43 28 20 35 12 16 69 48 70 30 59 24 7 58 85 73 72 65 33 99 84 67 71 59 19 48 67 29 21 12 25 63 39 97 49 3 12 17 50 33 99 60 8 57 17 44 29 88 8 14 39 43 80 9 53 98 8 19 78 29 30 55 91 21 3 92 23 14 60 24 98 58 83 57 14 52 100 95 39
59 8 29 1 39 90 53 88 97 24 66 25 53 20 68 73 22 11 95 87 70 18 36 80 53 44 93 4 43 87 94 1 46 23 53 84 64 57 24 60 80 89 37 33 60 4 57 33 66 4 71 35 73 58 14 25 1 59 28 43 97 22 95 95 44 47 30 59 3 53 18 35 41 54 67 52 9 75 84 26 78 6 61 51 63 26 75 63 36 55 5 85 76 51 79 71 49 8 29 4 61
98 38 53 4 56 5 12 30 40 38 8 46 50 58 8 27 84 71 15 38 27 99 13 78 29 35 78 36 63 81 48 61 18 1 64 73 5 27 3 44 16 62 41 17 19 49 96 54 71 62 92 97 60 56 26 88 91 56 75 5 36 23 17 6 23 32 78 79 59 32 74 26 93 15 95 63 15 90 17 85 51 60 33 62 67 11 1 57 66 75 14 53 49 30 58 23 62 88 1 72 19
27 49 64 93 43 78 7 32 46 43 34 5 27 95 72 37 95 80 54 22 45 7 70 27 64 93 40 51 45 11 22 23 59 85 15 2 14 73 85 60 15 19 16 42 13 87 30 60 19 84 81 15 42 2 41 5 46 80 8 91 42 81 65 1 17 80 54 30 52 90 89 19 8 5 60 73 43 41 84 13 24 64 28 17 17 20 22 63 100 81 5 41 61 69 93 77 48 98 58 52 88
47 70 47 3 81 19 97 21 2 10 97 17 89 13 34 8 86 48 59 18 52 52 78 72 96 6 72 46 16 23 33 14 44 79 16 24 50 12 96 51 73 92 20 13 57 53 73 94 52 31 12 3 34 41 74 30 99 45 75 14 19 59 27 62 89 94 37 38 57 33 41 30 76 60 94 32 64 66 26 15 97 37 69 82 29 94 63 27 91 89 40 61 47 18 23 88 11 59 25 68 91
17 49 19 76 42 50 91 8 27 5 56 15 25 37 44 71 100 70 61 40 10 21 87 27 95 74 90 54 50 57 96 67 57 14 94 98 16 85 57 42 41 12 57 66 1 52 36 52 21 48 91 82 68 29 9 63 54 50 68 4 6 15 22 14 81 15 63 96 99 20 89 92 83 45 57 35 96 44 86 69 91 77 50 10 57 10 24 11 59 43 66 16 58 87 29 38 53 92 33 4 63
21 95 45 18 3 80 65 46 17 33 88 45 35 97 2 44 73 12 3 15 29 18 72 67 99 61 19 90 45 74 4 18 20 48 35 22 79 51 19 96 36 58 40 70 7 41 13 79 4 67 93 84 37 17 50 87 29 21 28 74 94 31 91 66 78 77 39 9 27 58 4 62 67 95 83 73 36 48 51 91 14 96 75 2 64 24 88 92 96 15 65 90 45 7 55 75 83 93 83 10 2
38 23 21 32 6 93 19 53 96 10 18 43 36 72 6 59 59 49 55 26 66 96 22 72 2 96 55 46 30 64 100 67 38 20 51 43 12 69 47 59 30 17 1 65 88 58 24 98 7 30 23 72 77 97 43 30 44 97 75 26 12 26 44 50 45 94 44 9 63 91 67 92 7 20 57 46 77 32 43 35 13 18 6 41 14 1 70 9 49 44 34 61 70 78 62 66 71 5 26 85 47
45 29 5 64 37 50 92 20 93 27 32 62 84 72 27 84 93 35 33 36 69 45 57 98 6 75 68 62 100 5 9 44 33 13 59 69 63 51 88 7 29 71 68 12 94 94 96 86 80 28 73 100 72 82 97 29 56 17 90 7 21 98 3 53 63 61 73 25 63 12 31 91 82 50 55 27 95 50 12 26 29 84 26 52 65 22 32 72 38 21 79 10 71 81 62 33 93 86 57 8 97
39 50 30 40 4 56 86 5 19 11 85 55 36 36 19 58 19 43 47 40 21 57 10 53 70 42 97 8 50 4 4 40 6 86 31 9 93 16 66 12 26 50 66 62 38 36 71 56 30 69 95 2 77 56 54 47 49 3 54 50 58 9 41 63 46 71 72 39 86 89 2 64 38 67 77 75 54 99 83 84 67 29 85 44 85 91 42 85 45 47 87 2 55 27 65 1 98 88 91 35 76
92 50 65 10 26 92 15 76 74 98 43 2 35 38 38 77 31 75 21 77 61 74 83 87 38 35 36 77 25 23 52 68 72 69 77 50 60 92 25 33 41 19 86 27 56 24 55 38 98 27 14 10 1 97 96 90 83 84 67 8 6 70 75 29 38 4 78 97 95 55 81 87 73 67 14 81 90 20 18 39 47 84 48 47 32 95 88 14 78 54 73 83 76 100 64 13 3 93 62 49 47
42 35 72 8 100 52 49 20 21 87 66 56 86 64 87 81 51 53 10 5 25 45 80 24 8 44 78 100 5 26 99 47 61 70 54 60 73 3 31 45 41 96 1 27 59 39 59 62 91 68 66 68 12 97 91 19 40 69 71 97 46 69 43 6 38 48 18 10 50 48 54 43 96 6 69 6 45 79 67 35 46 84 2 58 80 45 28 72 65 50 20 10 18 62 68 55 9 85 16 11 84
22 53 31 27 73 37 71 51 3 58 96 87 11 5 18 55 85 41 71 34 60 81 4 73 100 58 34 36 26 44 19 99 48 50 25 72 38 48 22 40 57 69 78 67 26 48 74 62 88 44 95 100 76 98 72 75 8 5 10 85 100 81 83 99 82 59 70 19 58 43 10 14 12 88 33 37 35 6 50 22 1 44 73 77 94 45 3 53 1 65 89 53 45 71 3 78 81 73 96 39 15
5 4 78 44 36 66 78 93 15 52 94 59 24 22 4 20 76 8 73 40 96 25 36 18 27 13 98 51 60 36 66 65 92 43 60 27 61 38 20 75 41 65 85 64 38 88 36 13 47 8 53 42 32 40 59 10 5 57 61 64 44 78 80 35 72 40 14 32 29 33 7 69 49 91 84 86 31 19 98 77 26 2 19 9 94 29 19 98 37 31 13 81 8 93 67 79 84 80 11 12 64
69 80 12 59 63 49 89 82 47 18 59 100 88 68 93 16 86 90 53 16 3 85 75 47 3 53 30 83 15 93 98 83 24 62 94 38 10 34 19 8 51 30 8 38 97 52 6 34 42 10 1 96 46 75 94 48 79 75 82 94 67 80 28 42 41 21 79 50 55 50 58 5 79 17 95 75 68 52 60 61 13 60 8 58 86 1 5 64 27 39 57 45 18 37 86 10 57 65 11 11 14
20 68 44 36 14 18 4 17 29 16 29 88 24 86 25 76 42 88 3 80 97 99 97 33 85 58 89 1 69 52 66 88 71 9 24 84 78 79 100 6 46 28 45 69 65 69 97 6 56 51 86 4 49 34 36 85 44 25 85 12 28 2 51 98 10 26 33 39 4 32 44 2 11 40 70 27 8 18 32 16 68 69 19 17 55 7 1 50 31 38 61 58 91 11 7 1 37 39 39 92 22
35 93 32 74 15 10 34 32 93 1 100 14 71 68 20 77 20 69 59 9 29 68 100 91 74 52 79 12 90 23 33 76 67 16 50 81 77 35 65 70 87 16 83 57 83 2 86 54 70 96 63 50 64 14 92 89 65 71 53 6 93 85 82 11 53 83 92 81 17 8 50 55 23 32 63 57 85 48 62 6 44 76 55 59 89 47 47 53 69 99 11 13 36 92 23 40 74 66 20 42 73
